p cnf 57 2117
2 0
8 0
7 0
5 0
10 0
22 0
24 0
11 0
3 0
-1 0
-4 0
-6 0
-9 0
-12 0
-6 0
-13 0
-4 0
-14 0
-15 0
-16 0
-12 0
-17 0
-4 0
-1 0
-18 0
-15 0
-19 0
-6 0
-20 0
-4 0
-21 0
-15 0
-6 0
-23 0
-12 0
-4 0
-15 0
-18 0
-25 0
-12 0
-6 0
-19 0
-4 0
-20 0
-15 0
-21 0
-12 0
-23 0
-9 0
-6 0
-12 0
-25 0
-13 0
-6 0
-14 0
-4 0
-15 0
-16 0
-15 0
-17 0
-12 0
26 27 28 29 30 31 32 33 34 35 36 37 38 39 40 41 42 43 44 45 46 47 48 49 50 51 52 53 54 55 56 57  0
-26 -27 0 
-26 -28 0 
-26 -29 0 
-26 -30 0 
-26 -31 0 
-26 -32 0 
-26 -33 0 
-26 -34 0 
-26 -35 0 
-26 -36 0 
-26 -37 0 
-26 -38 0 
-26 -39 0 
-26 -40 0 
-26 -41 0 
-26 -42 0 
-26 -43 0 
-26 -44 0 
-26 -45 0 
-26 -46 0 
-26 -47 0 
-26 -48 0 
-26 -49 0 
-26 -50 0 
-26 -51 0 
-26 -52 0 
-26 -53 0 
-26 -54 0 
-26 -55 0 
-26 -56 0 
-26 -57 0 
-27 -28 0 
-27 -29 0 
-27 -30 0 
-27 -31 0 
-27 -32 0 
-27 -33 0 
-27 -34 0 
-27 -35 0 
-27 -36 0 
-27 -37 0 
-27 -38 0 
-27 -39 0 
-27 -40 0 
-27 -41 0 
-27 -42 0 
-27 -43 0 
-27 -44 0 
-27 -45 0 
-27 -46 0 
-27 -47 0 
-27 -48 0 
-27 -49 0 
-27 -50 0 
-27 -51 0 
-27 -52 0 
-27 -53 0 
-27 -54 0 
-27 -55 0 
-27 -56 0 
-27 -57 0 
-28 -29 0 
-28 -30 0 
-28 -31 0 
-28 -32 0 
-28 -33 0 
-28 -34 0 
-28 -35 0 
-28 -36 0 
-28 -37 0 
-28 -38 0 
-28 -39 0 
-28 -40 0 
-28 -41 0 
-28 -42 0 
-28 -43 0 
-28 -44 0 
-28 -45 0 
-28 -46 0 
-28 -47 0 
-28 -48 0 
-28 -49 0 
-28 -50 0 
-28 -51 0 
-28 -52 0 
-28 -53 0 
-28 -54 0 
-28 -55 0 
-28 -56 0 
-28 -57 0 
-29 -30 0 
-29 -31 0 
-29 -32 0 
-29 -33 0 
-29 -34 0 
-29 -35 0 
-29 -36 0 
-29 -37 0 
-29 -38 0 
-29 -39 0 
-29 -40 0 
-29 -41 0 
-29 -42 0 
-29 -43 0 
-29 -44 0 
-29 -45 0 
-29 -46 0 
-29 -47 0 
-29 -48 0 
-29 -49 0 
-29 -50 0 
-29 -51 0 
-29 -52 0 
-29 -53 0 
-29 -54 0 
-29 -55 0 
-29 -56 0 
-29 -57 0 
-30 -31 0 
-30 -32 0 
-30 -33 0 
-30 -34 0 
-30 -35 0 
-30 -36 0 
-30 -37 0 
-30 -38 0 
-30 -39 0 
-30 -40 0 
-30 -41 0 
-30 -42 0 
-30 -43 0 
-30 -44 0 
-30 -45 0 
-30 -46 0 
-30 -47 0 
-30 -48 0 
-30 -49 0 
-30 -50 0 
-30 -51 0 
-30 -52 0 
-30 -53 0 
-30 -54 0 
-30 -55 0 
-30 -56 0 
-30 -57 0 
-31 -32 0 
-31 -33 0 
-31 -34 0 
-31 -35 0 
-31 -36 0 
-31 -37 0 
-31 -38 0 
-31 -39 0 
-31 -40 0 
-31 -41 0 
-31 -42 0 
-31 -43 0 
-31 -44 0 
-31 -45 0 
-31 -46 0 
-31 -47 0 
-31 -48 0 
-31 -49 0 
-31 -50 0 
-31 -51 0 
-31 -52 0 
-31 -53 0 
-31 -54 0 
-31 -55 0 
-31 -56 0 
-31 -57 0 
-32 -33 0 
-32 -34 0 
-32 -35 0 
-32 -36 0 
-32 -37 0 
-32 -38 0 
-32 -39 0 
-32 -40 0 
-32 -41 0 
-32 -42 0 
-32 -43 0 
-32 -44 0 
-32 -45 0 
-32 -46 0 
-32 -47 0 
-32 -48 0 
-32 -49 0 
-32 -50 0 
-32 -51 0 
-32 -52 0 
-32 -53 0 
-32 -54 0 
-32 -55 0 
-32 -56 0 
-32 -57 0 
-33 -34 0 
-33 -35 0 
-33 -36 0 
-33 -37 0 
-33 -38 0 
-33 -39 0 
-33 -40 0 
-33 -41 0 
-33 -42 0 
-33 -43 0 
-33 -44 0 
-33 -45 0 
-33 -46 0 
-33 -47 0 
-33 -48 0 
-33 -49 0 
-33 -50 0 
-33 -51 0 
-33 -52 0 
-33 -53 0 
-33 -54 0 
-33 -55 0 
-33 -56 0 
-33 -57 0 
-34 -35 0 
-34 -36 0 
-34 -37 0 
-34 -38 0 
-34 -39 0 
-34 -40 0 
-34 -41 0 
-34 -42 0 
-34 -43 0 
-34 -44 0 
-34 -45 0 
-34 -46 0 
-34 -47 0 
-34 -48 0 
-34 -49 0 
-34 -50 0 
-34 -51 0 
-34 -52 0 
-34 -53 0 
-34 -54 0 
-34 -55 0 
-34 -56 0 
-34 -57 0 
-35 -36 0 
-35 -37 0 
-35 -38 0 
-35 -39 0 
-35 -40 0 
-35 -41 0 
-35 -42 0 
-35 -43 0 
-35 -44 0 
-35 -45 0 
-35 -46 0 
-35 -47 0 
-35 -48 0 
-35 -49 0 
-35 -50 0 
-35 -51 0 
-35 -52 0 
-35 -53 0 
-35 -54 0 
-35 -55 0 
-35 -56 0 
-35 -57 0 
-36 -37 0 
-36 -38 0 
-36 -39 0 
-36 -40 0 
-36 -41 0 
-36 -42 0 
-36 -43 0 
-36 -44 0 
-36 -45 0 
-36 -46 0 
-36 -47 0 
-36 -48 0 
-36 -49 0 
-36 -50 0 
-36 -51 0 
-36 -52 0 
-36 -53 0 
-36 -54 0 
-36 -55 0 
-36 -56 0 
-36 -57 0 
-37 -38 0 
-37 -39 0 
-37 -40 0 
-37 -41 0 
-37 -42 0 
-37 -43 0 
-37 -44 0 
-37 -45 0 
-37 -46 0 
-37 -47 0 
-37 -48 0 
-37 -49 0 
-37 -50 0 
-37 -51 0 
-37 -52 0 
-37 -53 0 
-37 -54 0 
-37 -55 0 
-37 -56 0 
-37 -57 0 
-38 -39 0 
-38 -40 0 
-38 -41 0 
-38 -42 0 
-38 -43 0 
-38 -44 0 
-38 -45 0 
-38 -46 0 
-38 -47 0 
-38 -48 0 
-38 -49 0 
-38 -50 0 
-38 -51 0 
-38 -52 0 
-38 -53 0 
-38 -54 0 
-38 -55 0 
-38 -56 0 
-38 -57 0 
-39 -40 0 
-39 -41 0 
-39 -42 0 
-39 -43 0 
-39 -44 0 
-39 -45 0 
-39 -46 0 
-39 -47 0 
-39 -48 0 
-39 -49 0 
-39 -50 0 
-39 -51 0 
-39 -52 0 
-39 -53 0 
-39 -54 0 
-39 -55 0 
-39 -56 0 
-39 -57 0 
-40 -41 0 
-40 -42 0 
-40 -43 0 
-40 -44 0 
-40 -45 0 
-40 -46 0 
-40 -47 0 
-40 -48 0 
-40 -49 0 
-40 -50 0 
-40 -51 0 
-40 -52 0 
-40 -53 0 
-40 -54 0 
-40 -55 0 
-40 -56 0 
-40 -57 0 
-41 -42 0 
-41 -43 0 
-41 -44 0 
-41 -45 0 
-41 -46 0 
-41 -47 0 
-41 -48 0 
-41 -49 0 
-41 -50 0 
-41 -51 0 
-41 -52 0 
-41 -53 0 
-41 -54 0 
-41 -55 0 
-41 -56 0 
-41 -57 0 
-42 -43 0 
-42 -44 0 
-42 -45 0 
-42 -46 0 
-42 -47 0 
-42 -48 0 
-42 -49 0 
-42 -50 0 
-42 -51 0 
-42 -52 0 
-42 -53 0 
-42 -54 0 
-42 -55 0 
-42 -56 0 
-42 -57 0 
-43 -44 0 
-43 -45 0 
-43 -46 0 
-43 -47 0 
-43 -48 0 
-43 -49 0 
-43 -50 0 
-43 -51 0 
-43 -52 0 
-43 -53 0 
-43 -54 0 
-43 -55 0 
-43 -56 0 
-43 -57 0 
-44 -45 0 
-44 -46 0 
-44 -47 0 
-44 -48 0 
-44 -49 0 
-44 -50 0 
-44 -51 0 
-44 -52 0 
-44 -53 0 
-44 -54 0 
-44 -55 0 
-44 -56 0 
-44 -57 0 
-45 -46 0 
-45 -47 0 
-45 -48 0 
-45 -49 0 
-45 -50 0 
-45 -51 0 
-45 -52 0 
-45 -53 0 
-45 -54 0 
-45 -55 0 
-45 -56 0 
-45 -57 0 
-46 -47 0 
-46 -48 0 
-46 -49 0 
-46 -50 0 
-46 -51 0 
-46 -52 0 
-46 -53 0 
-46 -54 0 
-46 -55 0 
-46 -56 0 
-46 -57 0 
-47 -48 0 
-47 -49 0 
-47 -50 0 
-47 -51 0 
-47 -52 0 
-47 -53 0 
-47 -54 0 
-47 -55 0 
-47 -56 0 
-47 -57 0 
-48 -49 0 
-48 -50 0 
-48 -51 0 
-48 -52 0 
-48 -53 0 
-48 -54 0 
-48 -55 0 
-48 -56 0 
-48 -57 0 
-49 -50 0 
-49 -51 0 
-49 -52 0 
-49 -53 0 
-49 -54 0 
-49 -55 0 
-49 -56 0 
-49 -57 0 
-50 -51 0 
-50 -52 0 
-50 -53 0 
-50 -54 0 
-50 -55 0 
-50 -56 0 
-50 -57 0 
-51 -52 0 
-51 -53 0 
-51 -54 0 
-51 -55 0 
-51 -56 0 
-51 -57 0 
-52 -53 0 
-52 -54 0 
-52 -55 0 
-52 -56 0 
-52 -57 0 
-53 -54 0 
-53 -55 0 
-53 -56 0 
-53 -57 0 
-54 -55 0 
-54 -56 0 
-54 -57 0 
-55 -56 0 
-55 -57 0 
-56 -57 0 
-26 1 0
-26 2 0
-26 3 0
-26 61 0
-26 62 0
-26 -59 0
-26 -60 0
-26 -58 0
-26 6 -63 0
-26 -6 63 0
-26 7 -64 0
-26 -7 64 0
-26 8 -65 0
-26 -8 65 0
-26 9 -66 0
-26 -9 66 0
-26 10 -67 0
-26 -10 67 0
-26 11 -68 0
-26 -11 68 0
-26 12 -69 0
-26 -12 69 0
-26 13 -70 0
-26 -13 70 0
-26 14 -71 0
-26 -14 71 0
-26 15 -72 0
-26 -15 72 0
-26 16 -73 0
-26 -16 73 0
-26 17 -74 0
-26 -17 74 0
-26 18 -75 0
-26 -18 75 0
-26 19 -76 0
-26 -19 76 0
-26 20 -77 0
-26 -20 77 0
-26 21 -78 0
-26 -21 78 0
-26 22 -79 0
-26 -22 79 0
-26 23 -80 0
-26 -23 80 0
-26 24 -81 0
-26 -24 81 0
-26 25 -82 0
-26 -25 82 0
-27 6 0
-27 7 0
-27 -63 0
-27 -64 0
-27 65 0
-27 60 0
-27 66 0
-27 1 -58 0
-27 -1 58 0
-27 2 -59 0
-27 -2 59 0
-27 4 -61 0
-27 -4 61 0
-27 5 -62 0
-27 -5 62 0
-27 10 -67 0
-27 -10 67 0
-27 11 -68 0
-27 -11 68 0
-27 12 -69 0
-27 -12 69 0
-27 13 -70 0
-27 -13 70 0
-27 14 -71 0
-27 -14 71 0
-27 15 -72 0
-27 -15 72 0
-27 16 -73 0
-27 -16 73 0
-27 17 -74 0
-27 -17 74 0
-27 18 -75 0
-27 -18 75 0
-27 19 -76 0
-27 -19 76 0
-27 20 -77 0
-27 -20 77 0
-27 21 -78 0
-27 -21 78 0
-27 22 -79 0
-27 -22 79 0
-27 23 -80 0
-27 -23 80 0
-27 24 -81 0
-27 -24 81 0
-27 25 -82 0
-27 -25 82 0
-28 4 0
-28 -61 0
-28 59 0
-28 60 0
-28 67 0
-28 1 -58 0
-28 -1 58 0
-28 5 -62 0
-28 -5 62 0
-28 6 -63 0
-28 -6 63 0
-28 7 -64 0
-28 -7 64 0
-28 8 -65 0
-28 -8 65 0
-28 9 -66 0
-28 -9 66 0
-28 11 -68 0
-28 -11 68 0
-28 12 -69 0
-28 -12 69 0
-28 13 -70 0
-28 -13 70 0
-28 14 -71 0
-28 -14 71 0
-28 15 -72 0
-28 -15 72 0
-28 16 -73 0
-28 -16 73 0
-28 17 -74 0
-28 -17 74 0
-28 18 -75 0
-28 -18 75 0
-28 19 -76 0
-28 -19 76 0
-28 20 -77 0
-28 -20 77 0
-28 21 -78 0
-28 -21 78 0
-28 22 -79 0
-28 -22 79 0
-28 23 -80 0
-28 -23 80 0
-28 24 -81 0
-28 -24 81 0
-28 25 -82 0
-28 -25 82 0
-29 5 0
-29 11 0
-29 3 0
-29 -68 0
-29 -62 0
-29 -60 0
-29 69 0
-29 1 -58 0
-29 -1 58 0
-29 2 -59 0
-29 -2 59 0
-29 4 -61 0
-29 -4 61 0
-29 6 -63 0
-29 -6 63 0
-29 7 -64 0
-29 -7 64 0
-29 8 -65 0
-29 -8 65 0
-29 9 -66 0
-29 -9 66 0
-29 10 -67 0
-29 -10 67 0
-29 13 -70 0
-29 -13 70 0
-29 14 -71 0
-29 -14 71 0
-29 15 -72 0
-29 -15 72 0
-29 16 -73 0
-29 -16 73 0
-29 17 -74 0
-29 -17 74 0
-29 18 -75 0
-29 -18 75 0
-29 19 -76 0
-29 -19 76 0
-29 20 -77 0
-29 -20 77 0
-29 21 -78 0
-29 -21 78 0
-29 22 -79 0
-29 -22 79 0
-29 23 -80 0
-29 -23 80 0
-29 24 -81 0
-29 -24 81 0
-29 25 -82 0
-29 -25 82 0
-30 6 0
-30 5 0
-30 -63 0
-30 -62 0
-30 65 0
-30 60 0
-30 70 0
-30 1 -58 0
-30 -1 58 0
-30 2 -59 0
-30 -2 59 0
-30 4 -61 0
-30 -4 61 0
-30 7 -64 0
-30 -7 64 0
-30 9 -66 0
-30 -9 66 0
-30 10 -67 0
-30 -10 67 0
-30 11 -68 0
-30 -11 68 0
-30 12 -69 0
-30 -12 69 0
-30 14 -71 0
-30 -14 71 0
-30 15 -72 0
-30 -15 72 0
-30 16 -73 0
-30 -16 73 0
-30 17 -74 0
-30 -17 74 0
-30 18 -75 0
-30 -18 75 0
-30 19 -76 0
-30 -19 76 0
-30 20 -77 0
-30 -20 77 0
-30 21 -78 0
-30 -21 78 0
-30 22 -79 0
-30 -22 79 0
-30 23 -80 0
-30 -23 80 0
-30 24 -81 0
-30 -24 81 0
-30 25 -82 0
-30 -25 82 0
-31 4 0
-31 7 0
-31 -61 0
-31 -64 0
-31 59 0
-31 60 0
-31 71 0
-31 1 -58 0
-31 -1 58 0
-31 5 -62 0
-31 -5 62 0
-31 6 -63 0
-31 -6 63 0
-31 8 -65 0
-31 -8 65 0
-31 9 -66 0
-31 -9 66 0
-31 10 -67 0
-31 -10 67 0
-31 11 -68 0
-31 -11 68 0
-31 12 -69 0
-31 -12 69 0
-31 13 -70 0
-31 -13 70 0
-31 15 -72 0
-31 -15 72 0
-31 16 -73 0
-31 -16 73 0
-31 17 -74 0
-31 -17 74 0
-31 18 -75 0
-31 -18 75 0
-31 19 -76 0
-31 -19 76 0
-31 20 -77 0
-31 -20 77 0
-31 21 -78 0
-31 -21 78 0
-31 22 -79 0
-31 -22 79 0
-31 23 -80 0
-31 -23 80 0
-31 24 -81 0
-31 -24 81 0
-31 25 -82 0
-31 -25 82 0
-32 15 0
-32 5 0
-32 -72 0
-32 -62 0
-32 64 0
-32 60 0
-32 73 0
-32 1 -58 0
-32 -1 58 0
-32 2 -59 0
-32 -2 59 0
-32 4 -61 0
-32 -4 61 0
-32 6 -63 0
-32 -6 63 0
-32 8 -65 0
-32 -8 65 0
-32 9 -66 0
-32 -9 66 0
-32 10 -67 0
-32 -10 67 0
-32 11 -68 0
-32 -11 68 0
-32 12 -69 0
-32 -12 69 0
-32 13 -70 0
-32 -13 70 0
-32 14 -71 0
-32 -14 71 0
-32 17 -74 0
-32 -17 74 0
-32 18 -75 0
-32 -18 75 0
-32 19 -76 0
-32 -19 76 0
-32 20 -77 0
-32 -20 77 0
-32 21 -78 0
-32 -21 78 0
-32 22 -79 0
-32 -22 79 0
-32 23 -80 0
-32 -23 80 0
-32 24 -81 0
-32 -24 81 0
-32 25 -82 0
-32 -25 82 0
-33 12 0
-33 7 0
-33 -69 0
-33 -64 0
-33 62 0
-33 60 0
-33 74 0
-33 1 -58 0
-33 -1 58 0
-33 2 -59 0
-33 -2 59 0
-33 4 -61 0
-33 -4 61 0
-33 6 -63 0
-33 -6 63 0
-33 8 -65 0
-33 -8 65 0
-33 9 -66 0
-33 -9 66 0
-33 10 -67 0
-33 -10 67 0
-33 11 -68 0
-33 -11 68 0
-33 13 -70 0
-33 -13 70 0
-33 14 -71 0
-33 -14 71 0
-33 15 -72 0
-33 -15 72 0
-33 16 -73 0
-33 -16 73 0
-33 18 -75 0
-33 -18 75 0
-33 19 -76 0
-33 -19 76 0
-33 20 -77 0
-33 -20 77 0
-33 21 -78 0
-33 -21 78 0
-33 22 -79 0
-33 -22 79 0
-33 23 -80 0
-33 -23 80 0
-33 24 -81 0
-33 -24 81 0
-33 25 -82 0
-33 -25 82 0
-34 4 0
-34 5 0
-34 -61 0
-34 -62 0
-34 59 0
-34 60 0
-34 58 0
-34 6 -63 0
-34 -6 63 0
-34 7 -64 0
-34 -7 64 0
-34 8 -65 0
-34 -8 65 0
-34 9 -66 0
-34 -9 66 0
-34 10 -67 0
-34 -10 67 0
-34 11 -68 0
-34 -11 68 0
-34 12 -69 0
-34 -12 69 0
-34 13 -70 0
-34 -13 70 0
-34 14 -71 0
-34 -14 71 0
-34 15 -72 0
-34 -15 72 0
-34 16 -73 0
-34 -16 73 0
-34 17 -74 0
-34 -17 74 0
-34 18 -75 0
-34 -18 75 0
-34 19 -76 0
-34 -19 76 0
-34 20 -77 0
-34 -20 77 0
-34 21 -78 0
-34 -21 78 0
-34 22 -79 0
-34 -22 79 0
-34 23 -80 0
-34 -23 80 0
-34 24 -81 0
-34 -24 81 0
-34 25 -82 0
-34 -25 82 0
-35 18 0
-35 7 0
-35 3 0
-35 72 0
-35 65 0
-35 -64 0
-35 -60 0
-35 -75 0
-35 1 -58 0
-35 -1 58 0
-35 2 -59 0
-35 -2 59 0
-35 4 -61 0
-35 -4 61 0
-35 5 -62 0
-35 -5 62 0
-35 6 -63 0
-35 -6 63 0
-35 9 -66 0
-35 -9 66 0
-35 10 -67 0
-35 -10 67 0
-35 11 -68 0
-35 -11 68 0
-35 12 -69 0
-35 -12 69 0
-35 13 -70 0
-35 -13 70 0
-35 14 -71 0
-35 -14 71 0
-35 16 -73 0
-35 -16 73 0
-35 17 -74 0
-35 -17 74 0
-35 19 -76 0
-35 -19 76 0
-35 20 -77 0
-35 -20 77 0
-35 21 -78 0
-35 -21 78 0
-35 22 -79 0
-35 -22 79 0
-35 23 -80 0
-35 -23 80 0
-35 24 -81 0
-35 -24 81 0
-35 25 -82 0
-35 -25 82 0
-36 19 0
-36 8 0
-36 3 0
-36 63 0
-36 59 0
-36 -65 0
-36 -60 0
-36 -76 0
-36 1 -58 0
-36 -1 58 0
-36 4 -61 0
-36 -4 61 0
-36 5 -62 0
-36 -5 62 0
-36 7 -64 0
-36 -7 64 0
-36 9 -66 0
-36 -9 66 0
-36 10 -67 0
-36 -10 67 0
-36 11 -68 0
-36 -11 68 0
-36 12 -69 0
-36 -12 69 0
-36 13 -70 0
-36 -13 70 0
-36 14 -71 0
-36 -14 71 0
-36 15 -72 0
-36 -15 72 0
-36 16 -73 0
-36 -16 73 0
-36 17 -74 0
-36 -17 74 0
-36 18 -75 0
-36 -18 75 0
-36 20 -77 0
-36 -20 77 0
-36 21 -78 0
-36 -21 78 0
-36 22 -79 0
-36 -22 79 0
-36 23 -80 0
-36 -23 80 0
-36 24 -81 0
-36 -24 81 0
-36 25 -82 0
-36 -25 82 0
-37 20 0
-37 2 0
-37 3 0
-37 61 0
-37 65 0
-37 -59 0
-37 -60 0
-37 -77 0
-37 1 -58 0
-37 -1 58 0
-37 5 -62 0
-37 -5 62 0
-37 6 -63 0
-37 -6 63 0
-37 7 -64 0
-37 -7 64 0
-37 9 -66 0
-37 -9 66 0
-37 10 -67 0
-37 -10 67 0
-37 11 -68 0
-37 -11 68 0
-37 12 -69 0
-37 -12 69 0
-37 13 -70 0
-37 -13 70 0
-37 14 -71 0
-37 -14 71 0
-37 15 -72 0
-37 -15 72 0
-37 16 -73 0
-37 -16 73 0
-37 17 -74 0
-37 -17 74 0
-37 18 -75 0
-37 -18 75 0
-37 19 -76 0
-37 -19 76 0
-37 21 -78 0
-37 -21 78 0
-37 22 -79 0
-37 -22 79 0
-37 23 -80 0
-37 -23 80 0
-37 24 -81 0
-37 -24 81 0
-37 25 -82 0
-37 -25 82 0
-38 21 0
-38 7 0
-38 3 0
-38 72 0
-38 59 0
-38 -64 0
-38 -60 0
-38 -78 0
-38 1 -58 0
-38 -1 58 0
-38 4 -61 0
-38 -4 61 0
-38 5 -62 0
-38 -5 62 0
-38 6 -63 0
-38 -6 63 0
-38 8 -65 0
-38 -8 65 0
-38 9 -66 0
-38 -9 66 0
-38 10 -67 0
-38 -10 67 0
-38 11 -68 0
-38 -11 68 0
-38 12 -69 0
-38 -12 69 0
-38 13 -70 0
-38 -13 70 0
-38 14 -71 0
-38 -14 71 0
-38 16 -73 0
-38 -16 73 0
-38 17 -74 0
-38 -17 74 0
-38 18 -75 0
-38 -18 75 0
-38 19 -76 0
-38 -19 76 0
-38 20 -77 0
-38 -20 77 0
-38 22 -79 0
-38 -22 79 0
-38 23 -80 0
-38 -23 80 0
-38 24 -81 0
-38 -24 81 0
-38 25 -82 0
-38 -25 82 0
-39 8 0
-39 22 0
-39 3 0
-39 -79 0
-39 -65 0
-39 -60 0
-39 63 0
-39 1 -58 0
-39 -1 58 0
-39 2 -59 0
-39 -2 59 0
-39 4 -61 0
-39 -4 61 0
-39 5 -62 0
-39 -5 62 0
-39 7 -64 0
-39 -7 64 0
-39 9 -66 0
-39 -9 66 0
-39 10 -67 0
-39 -10 67 0
-39 11 -68 0
-39 -11 68 0
-39 12 -69 0
-39 -12 69 0
-39 13 -70 0
-39 -13 70 0
-39 14 -71 0
-39 -14 71 0
-39 15 -72 0
-39 -15 72 0
-39 16 -73 0
-39 -16 73 0
-39 17 -74 0
-39 -17 74 0
-39 18 -75 0
-39 -18 75 0
-39 19 -76 0
-39 -19 76 0
-39 20 -77 0
-39 -20 77 0
-39 21 -78 0
-39 -21 78 0
-39 23 -80 0
-39 -23 80 0
-39 24 -81 0
-39 -24 81 0
-39 25 -82 0
-39 -25 82 0
-40 23 0
-40 5 0
-40 3 0
-40 69 0
-40 65 0
-40 -62 0
-40 -60 0
-40 -80 0
-40 1 -58 0
-40 -1 58 0
-40 2 -59 0
-40 -2 59 0
-40 4 -61 0
-40 -4 61 0
-40 6 -63 0
-40 -6 63 0
-40 7 -64 0
-40 -7 64 0
-40 9 -66 0
-40 -9 66 0
-40 10 -67 0
-40 -10 67 0
-40 11 -68 0
-40 -11 68 0
-40 13 -70 0
-40 -13 70 0
-40 14 -71 0
-40 -14 71 0
-40 15 -72 0
-40 -15 72 0
-40 16 -73 0
-40 -16 73 0
-40 17 -74 0
-40 -17 74 0
-40 18 -75 0
-40 -18 75 0
-40 19 -76 0
-40 -19 76 0
-40 20 -77 0
-40 -20 77 0
-40 21 -78 0
-40 -21 78 0
-40 22 -79 0
-40 -22 79 0
-40 24 -81 0
-40 -24 81 0
-40 25 -82 0
-40 -25 82 0
-41 15 0
-41 -72 0
-41 64 0
-41 60 0
-41 81 0
-41 1 -58 0
-41 -1 58 0
-41 2 -59 0
-41 -2 59 0
-41 4 -61 0
-41 -4 61 0
-41 5 -62 0
-41 -5 62 0
-41 6 -63 0
-41 -6 63 0
-41 8 -65 0
-41 -8 65 0
-41 9 -66 0
-41 -9 66 0
-41 10 -67 0
-41 -10 67 0
-41 11 -68 0
-41 -11 68 0
-41 12 -69 0
-41 -12 69 0
-41 13 -70 0
-41 -13 70 0
-41 14 -71 0
-41 -14 71 0
-41 16 -73 0
-41 -16 73 0
-41 17 -74 0
-41 -17 74 0
-41 18 -75 0
-41 -18 75 0
-41 19 -76 0
-41 -19 76 0
-41 20 -77 0
-41 -20 77 0
-41 21 -78 0
-41 -21 78 0
-41 22 -79 0
-41 -22 79 0
-41 23 -80 0
-41 -23 80 0
-41 25 -82 0
-41 -25 82 0
-42 2 0
-42 10 0
-42 3 0
-42 -67 0
-42 -59 0
-42 -60 0
-42 61 0
-42 1 -58 0
-42 -1 58 0
-42 5 -62 0
-42 -5 62 0
-42 6 -63 0
-42 -6 63 0
-42 7 -64 0
-42 -7 64 0
-42 8 -65 0
-42 -8 65 0
-42 9 -66 0
-42 -9 66 0
-42 11 -68 0
-42 -11 68 0
-42 12 -69 0
-42 -12 69 0
-42 13 -70 0
-42 -13 70 0
-42 14 -71 0
-42 -14 71 0
-42 15 -72 0
-42 -15 72 0
-42 16 -73 0
-42 -16 73 0
-42 17 -74 0
-42 -17 74 0
-42 18 -75 0
-42 -18 75 0
-42 19 -76 0
-42 -19 76 0
-42 20 -77 0
-42 -20 77 0
-42 21 -78 0
-42 -21 78 0
-42 22 -79 0
-42 -22 79 0
-42 23 -80 0
-42 -23 80 0
-42 24 -81 0
-42 -24 81 0
-42 25 -82 0
-42 -25 82 0
-43 15 0
-43 8 0
-43 -72 0
-43 -65 0
-43 64 0
-43 60 0
-43 75 0
-43 1 -58 0
-43 -1 58 0
-43 2 -59 0
-43 -2 59 0
-43 4 -61 0
-43 -4 61 0
-43 5 -62 0
-43 -5 62 0
-43 6 -63 0
-43 -6 63 0
-43 9 -66 0
-43 -9 66 0
-43 10 -67 0
-43 -10 67 0
-43 11 -68 0
-43 -11 68 0
-43 12 -69 0
-43 -12 69 0
-43 13 -70 0
-43 -13 70 0
-43 14 -71 0
-43 -14 71 0
-43 16 -73 0
-43 -16 73 0
-43 17 -74 0
-43 -17 74 0
-43 19 -76 0
-43 -19 76 0
-43 20 -77 0
-43 -20 77 0
-43 21 -78 0
-43 -21 78 0
-43 22 -79 0
-43 -22 79 0
-43 23 -80 0
-43 -23 80 0
-43 24 -81 0
-43 -24 81 0
-43 25 -82 0
-43 -25 82 0
-44 25 0
-44 5 0
-44 3 0
-44 69 0
-44 59 0
-44 -62 0
-44 -60 0
-44 -82 0
-44 1 -58 0
-44 -1 58 0
-44 4 -61 0
-44 -4 61 0
-44 6 -63 0
-44 -6 63 0
-44 7 -64 0
-44 -7 64 0
-44 8 -65 0
-44 -8 65 0
-44 9 -66 0
-44 -9 66 0
-44 10 -67 0
-44 -10 67 0
-44 11 -68 0
-44 -11 68 0
-44 13 -70 0
-44 -13 70 0
-44 14 -71 0
-44 -14 71 0
-44 15 -72 0
-44 -15 72 0
-44 16 -73 0
-44 -16 73 0
-44 17 -74 0
-44 -17 74 0
-44 18 -75 0
-44 -18 75 0
-44 19 -76 0
-44 -19 76 0
-44 20 -77 0
-44 -20 77 0
-44 21 -78 0
-44 -21 78 0
-44 22 -79 0
-44 -22 79 0
-44 23 -80 0
-44 -23 80 0
-44 24 -81 0
-44 -24 81 0
-45 6 0
-45 2 0
-45 -63 0
-45 -59 0
-45 65 0
-45 60 0
-45 76 0
-45 1 -58 0
-45 -1 58 0
-45 4 -61 0
-45 -4 61 0
-45 5 -62 0
-45 -5 62 0
-45 7 -64 0
-45 -7 64 0
-45 9 -66 0
-45 -9 66 0
-45 10 -67 0
-45 -10 67 0
-45 11 -68 0
-45 -11 68 0
-45 12 -69 0
-45 -12 69 0
-45 13 -70 0
-45 -13 70 0
-45 14 -71 0
-45 -14 71 0
-45 15 -72 0
-45 -15 72 0
-45 16 -73 0
-45 -16 73 0
-45 17 -74 0
-45 -17 74 0
-45 18 -75 0
-45 -18 75 0
-45 20 -77 0
-45 -20 77 0
-45 21 -78 0
-45 -21 78 0
-45 22 -79 0
-45 -22 79 0
-45 23 -80 0
-45 -23 80 0
-45 24 -81 0
-45 -24 81 0
-45 25 -82 0
-45 -25 82 0
-46 12 0
-46 -69 0
-46 62 0
-46 60 0
-46 68 0
-46 1 -58 0
-46 -1 58 0
-46 2 -59 0
-46 -2 59 0
-46 4 -61 0
-46 -4 61 0
-46 6 -63 0
-46 -6 63 0
-46 7 -64 0
-46 -7 64 0
-46 8 -65 0
-46 -8 65 0
-46 9 -66 0
-46 -9 66 0
-46 10 -67 0
-46 -10 67 0
-46 13 -70 0
-46 -13 70 0
-46 14 -71 0
-46 -14 71 0
-46 15 -72 0
-46 -15 72 0
-46 16 -73 0
-46 -16 73 0
-46 17 -74 0
-46 -17 74 0
-46 18 -75 0
-46 -18 75 0
-46 19 -76 0
-46 -19 76 0
-46 20 -77 0
-46 -20 77 0
-46 21 -78 0
-46 -21 78 0
-46 22 -79 0
-46 -22 79 0
-46 23 -80 0
-46 -23 80 0
-46 24 -81 0
-46 -24 81 0
-46 25 -82 0
-46 -25 82 0
-47 4 0
-47 8 0
-47 -61 0
-47 -65 0
-47 59 0
-47 60 0
-47 77 0
-47 1 -58 0
-47 -1 58 0
-47 5 -62 0
-47 -5 62 0
-47 6 -63 0
-47 -6 63 0
-47 7 -64 0
-47 -7 64 0
-47 9 -66 0
-47 -9 66 0
-47 10 -67 0
-47 -10 67 0
-47 11 -68 0
-47 -11 68 0
-47 12 -69 0
-47 -12 69 0
-47 13 -70 0
-47 -13 70 0
-47 14 -71 0
-47 -14 71 0
-47 15 -72 0
-47 -15 72 0
-47 16 -73 0
-47 -16 73 0
-47 17 -74 0
-47 -17 74 0
-47 18 -75 0
-47 -18 75 0
-47 19 -76 0
-47 -19 76 0
-47 21 -78 0
-47 -21 78 0
-47 22 -79 0
-47 -22 79 0
-47 23 -80 0
-47 -23 80 0
-47 24 -81 0
-47 -24 81 0
-47 25 -82 0
-47 -25 82 0
-48 15 0
-48 2 0
-48 -72 0
-48 -59 0
-48 64 0
-48 60 0
-48 78 0
-48 1 -58 0
-48 -1 58 0
-48 4 -61 0
-48 -4 61 0
-48 5 -62 0
-48 -5 62 0
-48 6 -63 0
-48 -6 63 0
-48 8 -65 0
-48 -8 65 0
-48 9 -66 0
-48 -9 66 0
-48 10 -67 0
-48 -10 67 0
-48 11 -68 0
-48 -11 68 0
-48 12 -69 0
-48 -12 69 0
-48 13 -70 0
-48 -13 70 0
-48 14 -71 0
-48 -14 71 0
-48 16 -73 0
-48 -16 73 0
-48 17 -74 0
-48 -17 74 0
-48 18 -75 0
-48 -18 75 0
-48 19 -76 0
-48 -19 76 0
-48 20 -77 0
-48 -20 77 0
-48 22 -79 0
-48 -22 79 0
-48 23 -80 0
-48 -23 80 0
-48 24 -81 0
-48 -24 81 0
-48 25 -82 0
-48 -25 82 0
-49 12 0
-49 8 0
-49 -69 0
-49 -65 0
-49 62 0
-49 60 0
-49 80 0
-49 1 -58 0
-49 -1 58 0
-49 2 -59 0
-49 -2 59 0
-49 4 -61 0
-49 -4 61 0
-49 6 -63 0
-49 -6 63 0
-49 7 -64 0
-49 -7 64 0
-49 9 -66 0
-49 -9 66 0
-49 10 -67 0
-49 -10 67 0
-49 11 -68 0
-49 -11 68 0
-49 13 -70 0
-49 -13 70 0
-49 14 -71 0
-49 -14 71 0
-49 15 -72 0
-49 -15 72 0
-49 16 -73 0
-49 -16 73 0
-49 17 -74 0
-49 -17 74 0
-49 18 -75 0
-49 -18 75 0
-49 19 -76 0
-49 -19 76 0
-49 20 -77 0
-49 -20 77 0
-49 21 -78 0
-49 -21 78 0
-49 22 -79 0
-49 -22 79 0
-49 24 -81 0
-49 -24 81 0
-49 25 -82 0
-49 -25 82 0
-50 9 0
-50 8 0
-50 3 0
-50 63 0
-50 64 0
-50 -65 0
-50 -60 0
-50 -66 0
-50 1 -58 0
-50 -1 58 0
-50 2 -59 0
-50 -2 59 0
-50 4 -61 0
-50 -4 61 0
-50 5 -62 0
-50 -5 62 0
-50 10 -67 0
-50 -10 67 0
-50 11 -68 0
-50 -11 68 0
-50 12 -69 0
-50 -12 69 0
-50 13 -70 0
-50 -13 70 0
-50 14 -71 0
-50 -14 71 0
-50 15 -72 0
-50 -15 72 0
-50 16 -73 0
-50 -16 73 0
-50 17 -74 0
-50 -17 74 0
-50 18 -75 0
-50 -18 75 0
-50 19 -76 0
-50 -19 76 0
-50 20 -77 0
-50 -20 77 0
-50 21 -78 0
-50 -21 78 0
-50 22 -79 0
-50 -22 79 0
-50 23 -80 0
-50 -23 80 0
-50 24 -81 0
-50 -24 81 0
-50 25 -82 0
-50 -25 82 0
-51 12 0
-51 2 0
-51 -69 0
-51 -59 0
-51 62 0
-51 60 0
-51 82 0
-51 1 -58 0
-51 -1 58 0
-51 4 -61 0
-51 -4 61 0
-51 6 -63 0
-51 -6 63 0
-51 7 -64 0
-51 -7 64 0
-51 8 -65 0
-51 -8 65 0
-51 9 -66 0
-51 -9 66 0
-51 10 -67 0
-51 -10 67 0
-51 11 -68 0
-51 -11 68 0
-51 13 -70 0
-51 -13 70 0
-51 14 -71 0
-51 -14 71 0
-51 15 -72 0
-51 -15 72 0
-51 16 -73 0
-51 -16 73 0
-51 17 -74 0
-51 -17 74 0
-51 18 -75 0
-51 -18 75 0
-51 19 -76 0
-51 -19 76 0
-51 20 -77 0
-51 -20 77 0
-51 21 -78 0
-51 -21 78 0
-51 22 -79 0
-51 -22 79 0
-51 23 -80 0
-51 -23 80 0
-51 24 -81 0
-51 -24 81 0
-52 13 0
-52 8 0
-52 3 0
-52 63 0
-52 62 0
-52 -65 0
-52 -60 0
-52 -70 0
-52 1 -58 0
-52 -1 58 0
-52 2 -59 0
-52 -2 59 0
-52 4 -61 0
-52 -4 61 0
-52 7 -64 0
-52 -7 64 0
-52 9 -66 0
-52 -9 66 0
-52 10 -67 0
-52 -10 67 0
-52 11 -68 0
-52 -11 68 0
-52 12 -69 0
-52 -12 69 0
-52 14 -71 0
-52 -14 71 0
-52 15 -72 0
-52 -15 72 0
-52 16 -73 0
-52 -16 73 0
-52 17 -74 0
-52 -17 74 0
-52 18 -75 0
-52 -18 75 0
-52 19 -76 0
-52 -19 76 0
-52 20 -77 0
-52 -20 77 0
-52 21 -78 0
-52 -21 78 0
-52 22 -79 0
-52 -22 79 0
-52 23 -80 0
-52 -23 80 0
-52 24 -81 0
-52 -24 81 0
-52 25 -82 0
-52 -25 82 0
-53 14 0
-53 2 0
-53 3 0
-53 61 0
-53 64 0
-53 -59 0
-53 -60 0
-53 -71 0
-53 1 -58 0
-53 -1 58 0
-53 5 -62 0
-53 -5 62 0
-53 6 -63 0
-53 -6 63 0
-53 8 -65 0
-53 -8 65 0
-53 9 -66 0
-53 -9 66 0
-53 10 -67 0
-53 -10 67 0
-53 11 -68 0
-53 -11 68 0
-53 12 -69 0
-53 -12 69 0
-53 13 -70 0
-53 -13 70 0
-53 15 -72 0
-53 -15 72 0
-53 16 -73 0
-53 -16 73 0
-53 17 -74 0
-53 -17 74 0
-53 18 -75 0
-53 -18 75 0
-53 19 -76 0
-53 -19 76 0
-53 20 -77 0
-53 -20 77 0
-53 21 -78 0
-53 -21 78 0
-53 22 -79 0
-53 -22 79 0
-53 23 -80 0
-53 -23 80 0
-53 24 -81 0
-53 -24 81 0
-53 25 -82 0
-53 -25 82 0
-54 7 0
-54 24 0
-54 3 0
-54 -81 0
-54 -64 0
-54 -60 0
-54 72 0
-54 1 -58 0
-54 -1 58 0
-54 2 -59 0
-54 -2 59 0
-54 4 -61 0
-54 -4 61 0
-54 5 -62 0
-54 -5 62 0
-54 6 -63 0
-54 -6 63 0
-54 8 -65 0
-54 -8 65 0
-54 9 -66 0
-54 -9 66 0
-54 10 -67 0
-54 -10 67 0
-54 11 -68 0
-54 -11 68 0
-54 12 -69 0
-54 -12 69 0
-54 13 -70 0
-54 -13 70 0
-54 14 -71 0
-54 -14 71 0
-54 16 -73 0
-54 -16 73 0
-54 17 -74 0
-54 -17 74 0
-54 18 -75 0
-54 -18 75 0
-54 19 -76 0
-54 -19 76 0
-54 20 -77 0
-54 -20 77 0
-54 21 -78 0
-54 -21 78 0
-54 22 -79 0
-54 -22 79 0
-54 23 -80 0
-54 -23 80 0
-54 25 -82 0
-54 -25 82 0
-55 6 0
-55 -63 0
-55 65 0
-55 60 0
-55 79 0
-55 1 -58 0
-55 -1 58 0
-55 2 -59 0
-55 -2 59 0
-55 4 -61 0
-55 -4 61 0
-55 5 -62 0
-55 -5 62 0
-55 7 -64 0
-55 -7 64 0
-55 9 -66 0
-55 -9 66 0
-55 10 -67 0
-55 -10 67 0
-55 11 -68 0
-55 -11 68 0
-55 12 -69 0
-55 -12 69 0
-55 13 -70 0
-55 -13 70 0
-55 14 -71 0
-55 -14 71 0
-55 15 -72 0
-55 -15 72 0
-55 16 -73 0
-55 -16 73 0
-55 17 -74 0
-55 -17 74 0
-55 18 -75 0
-55 -18 75 0
-55 19 -76 0
-55 -19 76 0
-55 20 -77 0
-55 -20 77 0
-55 21 -78 0
-55 -21 78 0
-55 23 -80 0
-55 -23 80 0
-55 24 -81 0
-55 -24 81 0
-55 25 -82 0
-55 -25 82 0
-56 16 0
-56 7 0
-56 3 0
-56 72 0
-56 62 0
-56 -64 0
-56 -60 0
-56 -73 0
-56 1 -58 0
-56 -1 58 0
-56 2 -59 0
-56 -2 59 0
-56 4 -61 0
-56 -4 61 0
-56 6 -63 0
-56 -6 63 0
-56 8 -65 0
-56 -8 65 0
-56 9 -66 0
-56 -9 66 0
-56 10 -67 0
-56 -10 67 0
-56 11 -68 0
-56 -11 68 0
-56 12 -69 0
-56 -12 69 0
-56 13 -70 0
-56 -13 70 0
-56 14 -71 0
-56 -14 71 0
-56 17 -74 0
-56 -17 74 0
-56 18 -75 0
-56 -18 75 0
-56 19 -76 0
-56 -19 76 0
-56 20 -77 0
-56 -20 77 0
-56 21 -78 0
-56 -21 78 0
-56 22 -79 0
-56 -22 79 0
-56 23 -80 0
-56 -23 80 0
-56 24 -81 0
-56 -24 81 0
-56 25 -82 0
-56 -25 82 0
-57 17 0
-57 5 0
-57 3 0
-57 69 0
-57 64 0
-57 -62 0
-57 -60 0
-57 -74 0
-57 1 -58 0
-57 -1 58 0
-57 2 -59 0
-57 -2 59 0
-57 4 -61 0
-57 -4 61 0
-57 6 -63 0
-57 -6 63 0
-57 8 -65 0
-57 -8 65 0
-57 9 -66 0
-57 -9 66 0
-57 10 -67 0
-57 -10 67 0
-57 11 -68 0
-57 -11 68 0
-57 13 -70 0
-57 -13 70 0
-57 14 -71 0
-57 -14 71 0
-57 15 -72 0
-57 -15 72 0
-57 16 -73 0
-57 -16 73 0
-57 18 -75 0
-57 -18 75 0
-57 19 -76 0
-57 -19 76 0
-57 20 -77 0
-57 -20 77 0
-57 21 -78 0
-57 -21 78 0
-57 22 -79 0
-57 -22 79 0
-57 23 -80 0
-57 -23 80 0
-57 24 -81 0
-57 -24 81 0
-57 25 -82 0
-57 -25 82 0
82 0
71 0
75 0
